            1   2.00000E+07   0.00000E+00  0.00000E+00 0.00000
             2   1.96400E+07   0.00000E+00  0.00000E+00 0.00000
             3   1.73320E+07   0.00000E+00  0.00000E+00 0.00000
             4   1.69050E+07   0.00000E+00  0.00000E+00 0.00000
             5   1.64870E+07   0.00000E+00  0.00000E+00 0.00000
             6   1.56830E+07   0.00000E+00  0.00000E+00 0.00000
             7   1.49180E+07   0.00000E+00  0.00000E+00 0.00000
             8   1.45500E+07   0.00000E+00  0.00000E+00 0.00000
             9   1.41910E+07   0.00000E+00  0.00000E+00 0.00000
            10   1.38400E+07   0.00000E+00  0.00000E+00 0.00000
            11   1.34990E+07   0.00000E+00  0.00000E+00 0.00000
            12   1.28400E+07   0.00000E+00  0.00000E+00 0.00000
            13   1.25230E+07   0.00000E+00  0.00000E+00 0.00000
            14   1.22140E+07   0.00000E+00  0.00000E+00 0.00000
            15   1.16180E+07   0.00000E+00  0.00000E+00 0.00000
            16   1.10520E+07   0.00000E+00  0.00000E+00 0.00000
            17   1.05130E+07   0.00000E+00  0.00000E+00 0.00000
            18   1.00000E+07   0.00000E+00  0.00000E+00 0.00000
            19   9.51230E+06   0.00000E+00  0.00000E+00 0.00000
            20   9.04840E+06   0.00000E+00  0.00000E+00 0.00000
            21   8.60710E+06   0.00000E+00  0.00000E+00 0.00000
            22   8.18730E+06   0.00000E+00  0.00000E+00 0.00000
            23   7.78800E+06   0.00000E+00  0.00000E+00 0.00000
            24   7.40820E+06   0.00000E+00  0.00000E+00 0.00000
            25   7.04690E+06   0.00000E+00  0.00000E+00 0.00000
            26   6.70320E+06   0.00000E+00  0.00000E+00 0.00000
            27   6.59240E+06   0.00000E+00  0.00000E+00 0.00000
            28   6.37630E+06   0.00000E+00  0.00000E+00 0.00000
            29   6.06530E+06   0.00000E+00  0.00000E+00 0.00000
            30   5.76950E+06   0.00000E+00  0.00000E+00 0.00000
            31   5.48810E+06   0.00000E+00  0.00000E+00 0.00000
            32   5.22050E+06   0.00000E+00  0.00000E+00 0.00000
            33   4.96590E+06   0.00000E+00  0.00000E+00 0.00000
            34   4.72370E+06   0.00000E+00  0.00000E+00 0.00000
            35   4.49330E+06   0.00000E+00  0.00000E+00 0.00000
            36   4.06570E+06   0.00000E+00  0.00000E+00 0.00000
            37   3.67880E+06   0.00000E+00  0.00000E+00 0.00000
            38   3.32870E+06   0.00000E+00  0.00000E+00 0.00000
            39   3.16640E+06   0.00000E+00  0.00000E+00 0.00000
            40   3.01190E+06   0.00000E+00  0.00000E+00 0.00000
            41   2.86510E+06   0.00000E+00  0.00000E+00 0.00000
            42   2.72530E+06   0.00000E+00  0.00000E+00 0.00000
            43   2.59240E+06   0.00000E+00  0.00000E+00 0.00000
            44   2.46600E+06   0.00000E+00  0.00000E+00 0.00000
            45   2.38520E+06   0.00000E+00  0.00000E+00 0.00000
            46   2.36530E+06   0.00000E+00  0.00000E+00 0.00000
            47   2.34570E+06   0.00000E+00  0.00000E+00 0.00000
            48   2.30690E+06   1.35911E+08  1.35911E+08 1.00000
            49   2.23130E+06   0.00000E+00  0.00000E+00 0.00000
            50   2.12250E+06   0.00000E+00  0.00000E+00 0.00000
            51   2.01900E+06   0.00000E+00  0.00000E+00 0.00000
            52   1.92050E+06   1.47879E+08  1.47879E+08 1.00000
            53   1.82680E+06   0.00000E+00  0.00000E+00 0.00000
            54   1.73770E+06   1.97482E+08  1.97482E+08 1.00000
            55   1.65300E+06   0.00000E+00  0.00000E+00 0.00000
            56   1.57240E+06   0.00000E+00  0.00000E+00 0.00000
            57   1.49570E+06   0.00000E+00  0.00000E+00 0.00000
            58   1.42270E+06   0.00000E+00  0.00000E+00 0.00000
            59   1.35340E+06   0.00000E+00  0.00000E+00 0.00000
            60   1.28740E+06   0.00000E+00  0.00000E+00 0.00000
            61   1.22460E+06   0.00000E+00  0.00000E+00 0.00000
            62   1.16480E+06   4.27395E+08  4.27395E+08 1.00000
            63   1.10800E+06   0.00000E+00  0.00000E+00 0.00000
            64   1.00260E+06   0.00000E+00  0.00000E+00 0.00000
            65   9.61640E+05   0.00000E+00  0.00000E+00 0.00000
            66   9.07180E+05   0.00000E+00  0.00000E+00 0.00000
            67   8.62940E+05   0.00000E+00  0.00000E+00 0.00000
            68   8.20850E+05   0.00000E+00  0.00000E+00 0.00000
            69   7.80820E+05   0.00000E+00  0.00000E+00 0.00000
            70   7.42740E+05   0.00000E+00  0.00000E+00 0.00000
            71   7.06510E+05   0.00000E+00  0.00000E+00 0.00000
            72   6.72060E+05   0.00000E+00  0.00000E+00 0.00000
            73   6.39280E+05   0.00000E+00  0.00000E+00 0.00000
            74   6.08100E+05   0.00000E+00  0.00000E+00 0.00000
            75   5.78440E+05   0.00000E+00  0.00000E+00 0.00000
            76   5.50230E+05   0.00000E+00  0.00000E+00 0.00000
            77   5.23400E+05   0.00000E+00  0.00000E+00 0.00000
            78   4.97870E+05   0.00000E+00  0.00000E+00 0.00000
            79   4.50490E+05   0.00000E+00  0.00000E+00 0.00000
            80   4.07620E+05   0.00000E+00  0.00000E+00 0.00000
            81   3.87740E+05   0.00000E+00  0.00000E+00 0.00000
            82   3.68830E+05   2.09554E+08  2.09554E+08 1.00000
            83   3.33730E+05   0.00000E+00  0.00000E+00 0.00000
            84   3.01970E+05   0.00000E+00  0.00000E+00 0.00000
            85   2.98490E+05   0.00000E+00  0.00000E+00 0.00000
            86   2.97210E+05   0.00000E+00  0.00000E+00 0.00000
            87   2.94520E+05   0.00000E+00  0.00000E+00 0.00000
            88   2.87250E+05   0.00000E+00  0.00000E+00 0.00000
            89   2.73240E+05   0.00000E+00  0.00000E+00 0.00000
            90   2.47240E+05   0.00000E+00  0.00000E+00 0.00000
            91   2.35180E+05   0.00000E+00  0.00000E+00 0.00000
            92   2.23710E+05   0.00000E+00  0.00000E+00 0.00000
            93   2.12800E+05   0.00000E+00  0.00000E+00 0.00000
            94   2.02420E+05   0.00000E+00  0.00000E+00 0.00000
            95   1.92550E+05   0.00000E+00  0.00000E+00 0.00000
            96   1.83160E+05   0.00000E+00  0.00000E+00 0.00000
            97   1.74220E+05   0.00000E+00  0.00000E+00 0.00000
            98   1.65730E+05   0.00000E+00  0.00000E+00 0.00000
            99   1.57640E+05   0.00000E+00  0.00000E+00 0.00000
           100   1.49960E+05   0.00000E+00  0.00000E+00 0.00000
           101   1.42640E+05   0.00000E+00  0.00000E+00 0.00000
           102   1.35690E+05   0.00000E+00  0.00000E+00 0.00000
           103   1.29070E+05   0.00000E+00  0.00000E+00 0.00000
           104   1.22770E+05   0.00000E+00  0.00000E+00 0.00000
           105   1.16790E+05   0.00000E+00  0.00000E+00 0.00000
           106   1.11090E+05   0.00000E+00  0.00000E+00 0.00000
           107   9.80370E+04   0.00000E+00  0.00000E+00 0.00000
           108   8.65170E+04   0.00000E+00  0.00000E+00 0.00000
           109   8.25030E+04   0.00000E+00  0.00000E+00 0.00000
           110   7.94990E+04   0.00000E+00  0.00000E+00 0.00000
           111   7.19980E+04   0.00000E+00  0.00000E+00 0.00000
           112   6.73790E+04   0.00000E+00  0.00000E+00 0.00000
           113   5.65620E+04   1.63355E+08  1.63355E+08 1.00000
           114   5.24750E+04   0.00000E+00  0.00000E+00 0.00000
           115   4.63090E+04   0.00000E+00  0.00000E+00 0.00000
           116   4.08680E+04   0.00000E+00  0.00000E+00 0.00000
           117   3.43070E+04   0.00000E+00  0.00000E+00 0.00000
           118   3.18280E+04   0.00000E+00  0.00000E+00 0.00000
           119   2.85010E+04   0.00000E+00  0.00000E+00 0.00000
           120   2.70000E+04   0.00000E+00  0.00000E+00 0.00000
           121   2.60580E+04   0.00000E+00  0.00000E+00 0.00000
           122   2.47880E+04   0.00000E+00  0.00000E+00 0.00000
           123   2.41760E+04   0.00000E+00  0.00000E+00 0.00000
           124   2.35790E+04   1.45146E+09  1.45146E+09 1.00000
           125   2.18750E+04   0.00000E+00  0.00000E+00 0.00000
           126   1.93050E+04   0.00000E+00  0.00000E+00 0.00000
           127   1.50340E+04   0.00000E+00  0.00000E+00 0.00000
           128   1.17090E+04   2.07458E+08  2.07458E+08 1.00000
           129   1.05950E+04   0.00000E+00  0.00000E+00 0.00000
           130   9.11880E+03   0.00000E+00  0.00000E+00 0.00000
           131   7.10170E+03   0.00000E+00  0.00000E+00 0.00000
           132   5.53080E+03   0.00000E+00  0.00000E+00 0.00000
           133   4.30740E+03   0.00000E+00  0.00000E+00 0.00000
           134   3.70740E+03   0.00000E+00  0.00000E+00 0.00000
           135   3.35460E+03   0.00000E+00  0.00000E+00 0.00000
           136   3.03540E+03   0.00000E+00  0.00000E+00 0.00000
           137   2.74650E+03   0.00000E+00  0.00000E+00 0.00000
           138   2.61260E+03   0.00000E+00  0.00000E+00 0.00000
           139   2.48520E+03   0.00000E+00  0.00000E+00 0.00000
           140   2.24870E+03   0.00000E+00  0.00000E+00 0.00000
           141   2.03470E+03   0.00000E+00  0.00000E+00 0.00000
           142   1.58460E+03   0.00000E+00  0.00000E+00 0.00000
           143   1.23410E+03   0.00000E+00  0.00000E+00 0.00000
           144   9.61120E+02   0.00000E+00  0.00000E+00 0.00000
           145   7.48520E+02   0.00000E+00  0.00000E+00 0.00000
           146   5.82950E+02   0.00000E+00  0.00000E+00 0.00000
           147   4.54000E+02   0.00000E+00  0.00000E+00 0.00000
           148   3.53570E+02   0.00000E+00  0.00000E+00 0.00000
           149   2.75360E+02   0.00000E+00  0.00000E+00 0.00000
           150   2.14450E+02   0.00000E+00  0.00000E+00 0.00000
           151   1.67020E+02   0.00000E+00  0.00000E+00 0.00000
           152   1.30070E+02   0.00000E+00  0.00000E+00 0.00000
           153   1.01300E+02   3.74569E+08  3.74569E+08 1.00000
           154   7.88930E+01   0.00000E+00  0.00000E+00 0.00000
           155   6.14420E+01   0.00000E+00  0.00000E+00 0.00000
           156   4.78510E+01   1.08839E+09  1.08839E+09 1.00000
           157   3.72660E+01   0.00000E+00  0.00000E+00 0.00000
           158   2.90230E+01   0.00000E+00  0.00000E+00 0.00000
           159   2.26030E+01   6.01713E+08  6.01713E+08 1.00000
           160   1.76040E+01   0.00000E+00  0.00000E+00 0.00000
           161   1.37100E+01   0.00000E+00  0.00000E+00 0.00000
           162   1.06770E+01   0.00000E+00  0.00000E+00 0.00000
           163   8.31530E+00   0.00000E+00  0.00000E+00 0.00000
           164   6.47600E+00   0.00000E+00  0.00000E+00 0.00000
           165   5.00000E+00   1.29673E+09  1.29673E+09 1.00000
           166   3.92790E+00   0.00000E+00  0.00000E+00 0.00000
           167   3.05900E+00   5.62634E+08  5.62634E+08 1.00000
           168   2.38240E+00   5.80185E+08  5.80185E+08 1.00000
           169   1.85540E+00   0.00000E+00  0.00000E+00 0.00000
           170   1.44500E+00   0.00000E+00  0.00000E+00 0.00000
           171   1.30000E+00   0.00000E+00  0.00000E+00 0.00000
           172   1.12530E+00   0.00000E+00  0.00000E+00 0.00000
           173   1.08000E+00   0.00000E+00  0.00000E+00 0.00000
           174   1.04000E+00   0.00000E+00  0.00000E+00 0.00000
           175   1.00000E+00   0.00000E+00  0.00000E+00 0.00000
           176   8.76430E-01   0.00000E+00  0.00000E+00 0.00000
           177   8.00000E-01   0.00000E+00  0.00000E+00 0.00000
           178   6.82560E-01   0.00000E+00  0.00000E+00 0.00000
           179   6.25060E-01   0.00000E+00  0.00000E+00 0.00000
           180   5.31580E-01   0.00000E+00  0.00000E+00 0.00000
           181   5.00000E-01   0.00000E+00  0.00000E+00 0.00000
           182   4.13990E-01   0.00000E+00  0.00000E+00 0.00000
           183   3.66800E-01   0.00000E+00  0.00000E+00 0.00000
           184   3.25000E-01   2.22134E+09  2.22134E+09 1.00000
           185   2.75000E-01   0.00000E+00  0.00000E+00 0.00000
           186   2.25000E-01   0.00000E+00  0.00000E+00 0.00000
           187   1.84000E-01   0.00000E+00  0.00000E+00 0.00000
           188   1.50000E-01   9.45408E+08  9.45408E+08 1.00000
           189   1.25000E-01   0.00000E+00  0.00000E+00 0.00000
           190   1.00000E-01   0.00000E+00  0.00000E+00 0.00000
           191   7.00000E-02   0.00000E+00  0.00000E+00 0.00000
           192   5.00000E-02   0.00000E+00  0.00000E+00 0.00000
           193   4.00000E-02   0.00000E+00  0.00000E+00 0.00000
           194   3.00000E-02   0.00000E+00  0.00000E+00 0.00000
           195   2.10000E-02   0.00000E+00  0.00000E+00 0.00000
           196   1.45000E-02   0.00000E+00  0.00000E+00 0.00000
           197   1.00000E-02   0.00000E+00  0.00000E+00 0.00000
           198   5.00000E-03   0.00000E+00  0.00000E+00 0.00000
           199   2.00000E-03   0.00000E+00  0.00000E+00 0.00000
           200   5.00000E-04   0.00000E+00  0.00000E+00 0.00000