            1   2.00000E+07   0.00000E+00  0.00000E+00 0.00000
             2   1.40000E+07   0.00000E+00  0.00000E+00 0.00000
             3   1.20000E+07   0.00000E+00  0.00000E+00 0.00000
             4   1.00000E+07   0.00000E+00  0.00000E+00 0.00000
             5   8.00000E+06   0.00000E+00  0.00000E+00 0.00000
             6   7.50000E+06   0.00000E+00  0.00000E+00 0.00000
             7   7.00000E+06   0.00000E+00  0.00000E+00 0.00000
             8   6.50000E+06   0.00000E+00  0.00000E+00 0.00000
             9   6.00000E+06   1.64534E+08  1.64534E+08 1.00000
            10   5.50000E+06   0.00000E+00  0.00000E+00 0.00000
            11   5.00000E+06   0.00000E+00  0.00000E+00 0.00000
            12   4.50000E+06   0.00000E+00  0.00000E+00 0.00000
            13   4.00000E+06   0.00000E+00  0.00000E+00 0.00000
            14   3.50000E+06   0.00000E+00  0.00000E+00 0.00000
            15   3.00000E+06   1.85410E+08  1.85410E+08 1.00000
            16   2.75000E+06   1.30852E+08  1.30852E+08 1.00000
            17   2.50000E+06   6.78307E+07  6.78307E+07 1.00000
            18   2.35000E+06   3.64599E+09  8.83001E+08 0.24218
            19   2.15000E+06   6.64937E+07  6.40369E+07 0.96305
            20   2.00000E+06   4.82902E+08  2.32147E+08 0.48073
            21   1.80000E+06   4.78580E+08  2.19182E+08 0.45798
            22   1.66000E+06   4.02596E+07  4.02596E+07 1.00000
            23   1.57000E+06   1.57671E+08  1.14835E+08 0.72832
            24   1.50000E+06   4.24638E+08  1.94480E+08 0.45799
            25   1.44000E+06   1.45240E+08  8.70150E+07 0.59911
            26   1.33000E+06   4.18099E+08  2.12737E+08 0.50882
            27   1.20000E+06   9.18167E+08  3.99710E+08 0.43533
            28   1.00000E+06   6.10608E+08  2.77275E+08 0.45410
            29   9.00000E+05   6.28817E+08  3.47544E+08 0.55269
            30   8.00000E+05   5.77811E+08  2.18911E+08 0.37886
            31   7.00000E+05   1.16676E+09  4.80261E+08 0.41162
            32   6.00000E+05   9.84218E+08  4.18916E+08 0.42563
            33   5.12000E+05   1.93628E+08  1.93628E+08 1.00000
            34   5.10000E+05   1.32706E+09  4.12713E+08 0.31100
            35   4.50000E+05   1.96012E+09  1.09956E+09 0.56097
            36   4.00000E+05   3.65112E+09  8.86735E+08 0.24287
            37   3.00000E+05   2.79512E+09  6.68281E+08 0.23909
            38   2.60000E+05   9.54644E+09  3.96927E+09 0.41579
            39   2.00000E+05   6.87333E+09  1.06622E+09 0.15512
            40   1.50000E+05   1.42366E+10  1.37639E+09 0.09668
            41   1.00000E+05   9.91211E+09  1.72884E+09 0.17442
            42   7.50000E+04   1.95312E+09  6.20020E+08 0.31745
            43   7.00000E+04   4.65656E+09  8.40463E+08 0.18049
            44   6.00000E+04   9.41903E+09  1.11376E+09 0.11825
            45   4.50000E+04   1.13530E+10  9.90160E+08 0.08722
            46   3.00000E+04   3.69001E+09  6.69575E+08 0.18146
            47   2.00000E+04   4.43206E+08  3.13777E+08 0.70797