             1   1.50000E+07   1.55817E+02  1.55817E+02 1.00000   0.00000E+00  0.00000E+00 0.00000
             2   1.26496E+07   1.22875E+03  5.98356E+02 0.48696   0.00000E+00  0.00000E+00 0.00000
             3   1.06675E+07   1.43370E+04  2.47613E+03 0.17271   0.00000E+00  0.00000E+00 0.00000
             4   8.99601E+06   3.03615E+04  3.89290E+03 0.12822   3.02178E+05  3.02178E+05 1.00000
             5   7.58640E+06   5.73864E+04  5.02233E+03 0.08752   0.00000E+00  0.00000E+00 0.00000
             6   6.39767E+06   5.34844E+04  6.07236E+03 0.11354   0.00000E+00  0.00000E+00 0.00000
             7   5.39521E+06   5.76666E+04  7.75987E+03 0.13456   0.00000E+00  0.00000E+00 0.00000
             8   4.54982E+06   4.76668E+04  4.72090E+03 0.09904   0.00000E+00  0.00000E+00 0.00000
             9   3.83690E+06   3.59108E+04  4.86992E+03 0.13561   0.00000E+00  0.00000E+00 0.00000
            10   3.23569E+06   3.54913E+04  5.15575E+03 0.14527   3.23104E+05  2.33312E+05 0.72210
            11   2.72868E+06   4.76374E+04  8.08017E+03 0.16962   0.00000E+00  0.00000E+00 0.00000
            12   2.30112E+06   5.21545E+04  8.75920E+03 0.16795   0.00000E+00  0.00000E+00 0.00000
            13   1.94055E+06   3.39118E+04  4.42276E+03 0.13042   0.00000E+00  0.00000E+00 0.00000
            14   1.63648E+06   3.32218E+04  5.96646E+03 0.17959   0.00000E+00  0.00000E+00 0.00000
            15   1.38006E+06   3.00392E+04  4.80917E+03 0.16010   0.00000E+00  0.00000E+00 0.00000
            16   1.16381E+06   1.89929E+04  4.11231E+03 0.21652   0.00000E+00  0.00000E+00 0.00000
            17   9.81453E+05   2.16928E+04  3.56694E+03 0.16443   3.21932E+05  3.21932E+05 1.00000
            18   8.27667E+05   1.66452E+04  3.59010E+03 0.21568   0.00000E+00  0.00000E+00 0.00000
            19   6.97978E+05   2.27339E+04  4.23049E+03 0.18609   0.00000E+00  0.00000E+00 0.00000
            20   5.88611E+05   1.83280E+04  4.01681E+03 0.21916   0.00000E+00  0.00000E+00 0.00000
            21   4.96380E+05   1.28575E+04  3.21984E+03 0.25043   0.00000E+00  0.00000E+00 0.00000
            22   4.18601E+05   1.14944E+04  2.39941E+03 0.20875   0.00000E+00  0.00000E+00 0.00000
            23   3.53010E+05   1.34086E+04  3.02083E+03 0.22529   0.00000E+00  0.00000E+00 0.00000
            24   2.97696E+05   1.31356E+04  3.01444E+03 0.22949   3.41765E+04  3.41765E+04 1.00000
            25   2.51049E+05   1.16737E+04  2.85817E+03 0.24484   0.00000E+00  0.00000E+00 0.00000
            26   2.11712E+05   1.10021E+04  3.26888E+03 0.29711   0.00000E+00  0.00000E+00 0.00000
            27   1.78538E+05   1.15576E+04  2.99808E+03 0.25940   0.00000E+00  0.00000E+00 0.00000
            28   1.50563E+05   1.22757E+04  3.63262E+03 0.29592   0.00000E+00  0.00000E+00 0.00000
            29   1.26971E+05   8.63263E+03  2.11678E+03 0.24521   0.00000E+00  0.00000E+00 0.00000
            30   1.07075E+05   9.40178E+03  3.71597E+03 0.39524   0.00000E+00  0.00000E+00 0.00000
            31   9.02975E+04   1.35818E+04  4.09612E+03 0.30159   0.00000E+00  0.00000E+00 0.00000
            32   7.61486E+04   7.32650E+03  2.26848E+03 0.30963   0.00000E+00  0.00000E+00 0.00000
            33   6.42167E+04   1.65975E+04  1.13493E+04 0.68380   0.00000E+00  0.00000E+00 0.00000
            34   5.41545E+04   5.74757E+03  2.35332E+03 0.40945   0.00000E+00  0.00000E+00 0.00000
            35   4.56689E+04   5.90809E+03  2.16150E+03 0.36585   0.00000E+00  0.00000E+00 0.00000
            36   3.85129E+04   1.17536E+04  3.94412E+03 0.33557   0.00000E+00  0.00000E+00 0.00000
            37   3.24783E+04   6.82171E+03  2.18912E+03 0.32091   0.00000E+00  0.00000E+00 0.00000
            38   2.73892E+04   8.29212E+03  2.59168E+03 0.31255   0.00000E+00  0.00000E+00 0.00000
            39   2.30975E+04   3.13438E+03  1.62333E+03 0.51791   0.00000E+00  0.00000E+00 0.00000
            40   1.94783E+04   7.74791E+03  2.70246E+03 0.34880   0.00000E+00  0.00000E+00 0.00000
            41   1.64262E+04   3.67327E+03  1.37840E+03 0.37525   0.00000E+00  0.00000E+00 0.00000
            42   1.38523E+04   5.38238E+03  1.89936E+03 0.35289   0.00000E+00  0.00000E+00 0.00000
            43   1.16818E+04   9.21002E+03  2.91956E+03 0.31700   0.00000E+00  0.00000E+00 0.00000
            44   9.85135E+03   7.20427E+03  1.94194E+03 0.26955   0.00000E+00  0.00000E+00 0.00000
            45   8.30772E+03   1.17043E+04  3.21165E+03 0.27440   0.00000E+00  0.00000E+00 0.00000
            46   7.00597E+03   5.96602E+03  2.39831E+03 0.40200   0.00000E+00  0.00000E+00 0.00000
            47   5.90819E+03   7.20035E+03  2.21660E+03 0.30785   0.00000E+00  0.00000E+00 0.00000
            48   4.98242E+03   7.16815E+03  2.14819E+03 0.29968   0.00000E+00  0.00000E+00 0.00000
            49   4.20171E+03   1.08522E+04  4.87912E+03 0.44960   0.00000E+00  0.00000E+00 0.00000
            50   3.54334E+03   5.83759E+03  1.85566E+03 0.31788   0.00000E+00  0.00000E+00 0.00000
            51   2.98813E+03   4.23843E+03  1.82384E+03 0.43031   0.00000E+00  0.00000E+00 0.00000
            52   2.51991E+03   5.29017E+03  1.90972E+03 0.36099   0.00000E+00  0.00000E+00 0.00000
            53   2.12506E+03   4.27650E+03  1.65996E+03 0.38816   0.00000E+00  0.00000E+00 0.00000
            54   1.79208E+03   2.07843E+03  9.01534E+02 0.43376   0.00000E+00  0.00000E+00 0.00000
            55   1.51127E+03   5.87179E+03  2.66079E+03 0.45315   0.00000E+00  0.00000E+00 0.00000
            56   1.27447E+03   5.39383E+03  1.87758E+03 0.34810   0.00000E+00  0.00000E+00 0.00000
            57   1.07477E+03   7.52357E+03  2.30900E+03 0.30690   0.00000E+00  0.00000E+00 0.00000
            58   9.06362E+02   3.57044E+03  1.40332E+03 0.39304   0.00000E+00  0.00000E+00 0.00000
            59   7.64342E+02   3.27306E+03  1.22505E+03 0.37428   0.00000E+00  0.00000E+00 0.00000
            60   6.44576E+02   7.73135E+03  2.46062E+03 0.31827   0.00000E+00  0.00000E+00 0.00000
            61   5.43576E+02   5.74229E+03  1.83526E+03 0.31960   0.00000E+00  0.00000E+00 0.00000
            62   4.58402E+02   6.59043E+03  2.53130E+03 0.38409   0.00000E+00  0.00000E+00 0.00000
            63   3.86574E+02   4.85208E+03  1.65274E+03 0.34063   0.00000E+00  0.00000E+00 0.00000
            64   3.26001E+02   4.35909E+03  1.50493E+03 0.34524   0.00000E+00  0.00000E+00 0.00000
            65   2.74919E+02   3.03725E+03  1.23009E+03 0.40500   0.00000E+00  0.00000E+00 0.00000
            66   2.31841E+02   4.08998E+03  1.39585E+03 0.34128   0.00000E+00  0.00000E+00 0.00000
            67   1.95514E+02   8.18244E+03  4.08169E+03 0.49884   0.00000E+00  0.00000E+00 0.00000
            68   1.64878E+02   5.10094E+03  2.02795E+03 0.39756   0.00000E+00  0.00000E+00 0.00000
            69   1.39043E+02   5.10221E+03  2.02709E+03 0.39730   0.00000E+00  0.00000E+00 0.00000
            70   1.17256E+02   5.09999E+03  1.77402E+03 0.34785   0.00000E+00  0.00000E+00 0.00000
            71   9.88830E+01   1.21515E+03  5.91092E+02 0.48644   0.00000E+00  0.00000E+00 0.00000
            72   8.33888E+01   7.06992E+03  1.94909E+03 0.27569   0.00000E+00  0.00000E+00 0.00000
            73   7.03225E+01   2.45659E+03  1.11035E+03 0.45199   0.00000E+00  0.00000E+00 0.00000
            74   5.93035E+01   5.89132E+03  2.19119E+03 0.37194   0.00000E+00  0.00000E+00 0.00000
            75   5.00111E+01   2.74119E+03  1.14542E+03 0.41785   0.00000E+00  0.00000E+00 0.00000
            76   4.21748E+01   5.61964E+03  1.84641E+03 0.32856   0.00000E+00  0.00000E+00 0.00000
            77   3.55663E+01   4.51875E+03  1.54845E+03 0.34267   0.00000E+00  0.00000E+00 0.00000
            78   2.99933E+01   5.39429E+03  1.79076E+03 0.33197   2.53619E+04  2.53619E+04 1.00000
            79   2.52936E+01   2.76564E+03  1.23316E+03 0.44589   0.00000E+00  0.00000E+00 0.00000
            80   2.13303E+01   4.57821E+03  2.74612E+03 0.59982   0.00000E+00  0.00000E+00 0.00000
            81   1.79880E+01   6.65155E+03  2.07684E+03 0.31223   0.00000E+00  0.00000E+00 0.00000
            82   1.51694E+01   5.63838E+03  2.14328E+03 0.38012   0.00000E+00  0.00000E+00 0.00000
            83   1.27925E+01   3.67702E+03  1.50290E+03 0.40873   1.21924E+04  1.21924E+04 1.00000
            84   1.07880E+01   5.83158E+03  1.89721E+03 0.32533   3.38012E+04  3.38012E+04 1.00000
            85   9.09762E+00   5.00259E+03  1.56997E+03 0.31383   0.00000E+00  0.00000E+00 0.00000
            86   7.67210E+00   6.37139E+03  1.94250E+03 0.30488   0.00000E+00  0.00000E+00 0.00000
            87   6.46994E+00   5.69550E+03  1.97055E+03 0.34598   0.00000E+00  0.00000E+00 0.00000
            88   5.45615E+00   1.68479E+04  1.27475E+04 0.75663   0.00000E+00  0.00000E+00 0.00000
            89   4.60121E+00   5.78976E+03  2.76455E+03 0.47749   0.00000E+00  0.00000E+00 0.00000
            90   3.88024E+00   7.92389E+03  2.54413E+03 0.32107   0.00000E+00  0.00000E+00 0.00000
            91   3.27224E+00   6.61092E+03  2.17784E+03 0.32943   0.00000E+00  0.00000E+00 0.00000
            92   2.75950E+00   3.52128E+03  1.46772E+03 0.41682   0.00000E+00  0.00000E+00 0.00000
            93   2.32711E+00   4.52896E+03  1.54370E+03 0.34085   0.00000E+00  0.00000E+00 0.00000
            94   1.96247E+00   6.36496E+03  2.57520E+03 0.40459   0.00000E+00  0.00000E+00 0.00000
            95   1.65497E+00   5.22711E+03  1.82959E+03 0.35002   3.11749E+04  2.21294E+04 0.70985
            96   1.39565E+00   5.68801E+03  1.77637E+03 0.31230   1.07967E+04  1.07967E+04 1.00000
            97   1.17696E+00   6.39286E+03  2.06078E+03 0.32236   0.00000E+00  0.00000E+00 0.00000
            98   9.92540E-01   1.54992E+04  7.12112E+03 0.45945   5.93290E+03  5.93290E+03 1.00000
            99   8.37017E-01   4.96028E+03  1.78255E+03 0.35936   0.00000E+00  0.00000E+00 0.00000
           100   7.05863E-01   4.50512E+03  1.57952E+03 0.35061   0.00000E+00  0.00000E+00 0.00000
           101   5.95259E-01   1.14602E+04  3.06834E+03 0.26774   2.26550E+04  1.34131E+04 0.59206
           102   5.01987E-01   5.99466E+03  1.90275E+03 0.31741   5.06299E+03  5.06299E+03 1.00000
           103   4.23330E-01   5.68721E+03  2.34446E+03 0.41223   0.00000E+00  0.00000E+00 0.00000
           104   3.56997E-01   3.16644E+03  1.15020E+03 0.36325   0.00000E+00  0.00000E+00 0.00000
           105   3.01059E-01   7.12863E+03  1.96773E+03 0.27603   1.94942E+04  1.16527E+04 0.59775
           106   2.53885E-01   1.64856E+04  4.00913E+03 0.24319   5.27384E+04  2.19168E+04 0.41558
           107   2.14103E-01   1.53105E+04  4.61389E+03 0.30135   1.37550E+04  8.05098E+03 0.58531
           108   1.80555E-01   3.34377E+04  5.43843E+03 0.16264   2.33552E+04  9.08533E+03 0.38901
           109   1.52263E-01   5.42400E+04  1.12799E+04 0.20796   5.55026E+04  1.49375E+04 0.26913
           110   1.28405E-01   6.54021E+04  7.05898E+03 0.10793   5.17389E+04  1.24533E+04 0.24069
           111   1.08285E-01   1.09390E+05  1.04996E+04 0.09598   9.24261E+04  1.80864E+04 0.19568
           112   9.13175E-02   1.29731E+05  1.07588E+04 0.08293   1.45365E+05  2.20278E+04 0.15153
           113   7.70088E-02   1.70043E+05  1.25632E+04 0.07388   1.24997E+05  1.91327E+04 0.15307
           114   6.49421E-02   1.68672E+05  1.20982E+04 0.07173   1.59086E+05  2.05572E+04 0.12922
           115   5.47662E-02   1.51739E+05  1.17255E+04 0.07727   1.40284E+05  1.81952E+04 0.12970
           116   4.61847E-02   1.47257E+05  1.07533E+04 0.07302   1.73921E+05  2.03383E+04 0.11694
           117   3.89480E-02   1.41865E+05  1.25945E+04 0.08878   1.40950E+05  1.81038E+04 0.12844
           118   3.28451E-02   1.20311E+05  1.09673E+04 0.09116   1.04079E+05  1.45810E+04 0.14010
           119   2.76985E-02   8.28938E+04  7.77370E+03 0.09378   1.00114E+05  1.34224E+04 0.13407
           120   2.33584E-02   6.29607E+04  6.47743E+03 0.10288   6.03546E+04  9.78308E+03 0.16209
           121   1.96983E-02   7.03078E+04  7.46272E+03 0.10614   6.02992E+04  9.25965E+03 0.15356
           122   1.66118E-02   4.78356E+04  6.50902E+03 0.13607   4.81714E+04  8.12403E+03 0.16865
           123   1.40088E-02   3.84407E+04  4.87876E+03 0.12692   3.49448E+04  6.55007E+03 0.18744
           124   1.18138E-02   2.71970E+04  5.02925E+03 0.18492   2.97781E+04  5.96365E+03 0.20027
           125   9.96263E-03   1.98548E+04  3.33039E+03 0.16774   2.13977E+04  4.78985E+03 0.22385
           126   8.40156E-03   1.26195E+04  2.84898E+03 0.22576   1.16219E+04  3.35835E+03 0.28897
           127   7.08510E-03   5.85750E+03  1.50318E+03 0.25662   5.97310E+03  2.33881E+03 0.39156
           128   5.97492E-03   4.44247E+03  1.42110E+03 0.31989   5.53656E+03  2.03646E+03 0.36782
           129   5.03870E-03   4.10767E+03  1.23242E+03 0.30003   2.20684E+03  1.12656E+03 0.51049
           130   4.24918E-03   1.38409E+03  6.47794E+02 0.46803   3.57968E+03  1.65229E+03 0.46157
           131   3.58336E-03   5.06108E+03  1.90959E+03 0.37731   2.36904E+03  1.29475E+03 0.54653
           132   3.02188E-03   4.52625E+02  3.27437E+02 0.72342   1.15641E+03  8.82865E+02 0.76345
           133   2.54837E-03   1.06559E+03  6.43711E+02 0.60409   0.00000E+00  0.00000E+00 0.00000
           134   2.14906E-03   7.54098E+02  5.34696E+02 0.70905   4.09256E+02  4.09256E+02 1.00000
           135   1.81232E-03   4.30122E+02  4.12508E+02 0.95905   3.66575E+02  3.66575E+02 1.00000
           136   1.52835E-03   1.05353E+02  1.05353E+02 1.00000   2.52344E+02  2.52344E+02 1.00000
           137   1.28887E-03   1.46997E+02  1.46997E+02 1.00000   3.30927E+02  3.30927E+02 1.00000
           138   1.08691E-03   4.65538E+02  4.43389E+02 0.95242   8.34337E+01  8.34337E+01 1.00000
           139   9.16600E-04   4.19063E+02  4.19063E+02 1.00000   0.00000E+00  0.00000E+00 0.00000
           140   7.72976E-04   0.00000E+00  0.00000E+00 0.00000   0.00000E+00  0.00000E+00 0.00000
           141   6.51857E-04   1.38223E+01  1.38223E+01 1.00000   3.58239E+02  3.58239E+02 1.00000
           142   5.49716E-04   0.00000E+00  0.00000E+00 0.00000   0.00000E+00  0.00000E+00 0.00000
           143   4.63580E-04   0.00000E+00  0.00000E+00 0.00000   0.00000E+00  0.00000E+00 0.00000
           144   3.90941E-04   0.00000E+00  0.00000E+00 0.00000   0.00000E+00  0.00000E+00 0.00000
           145   3.29683E-04   0.00000E+00  0.00000E+00 0.00000   0.00000E+00  0.00000E+00 0.00000
           146   2.78025E-04   0.00000E+00  0.00000E+00 0.00000   0.00000E+00  0.00000E+00 0.00000
           147   2.34460E-04   0.00000E+00  0.00000E+00 0.00000   0.00000E+00  0.00000E+00 0.00000
           148   1.97722E-04   0.00000E+00  0.00000E+00 0.00000   0.00000E+00  0.00000E+00 0.00000
           149   1.66741E-04   0.00000E+00  0.00000E+00 0.00000   0.00000E+00  0.00000E+00 0.00000
           150   1.40614E-04   0.00000E+00  0.00000E+00 0.00000   0.00000E+00  0.00000E+00 0.00000
           151   1.18581E-04   0.00000E+00  0.00000E+00 0.00000   0.00000E+00  0.00000E+00 0.00000